polyline=false
1	1.000000	0.000000
1	0.999889	0.000014
1	0.999556	0.000056
1	0.999000	0.000127
1	0.998223	0.000225
1	0.997224	0.000351
1	0.996004	0.000506
1	0.994564	0.000689
1	0.992904	0.000900
1	0.991025	0.001139
1	0.988927	0.001407
1	0.986612	0.001702
1	0.984081	0.002026
1	0.981335	0.002379
1	0.978374	0.002760
1	0.975201	0.003169
1	0.971817	0.003607
1	0.968223	0.004074
1	0.964421	0.004570
1	0.960412	0.005095
1	0.956199	0.005649
1	0.951783	0.006232
1	0.947166	0.006844
1	0.942351	0.007486
1	0.937338	0.008157
1	0.932132	0.008857
1	0.926733	0.009586
1	0.921144	0.010345
1	0.915368	0.011133
1	0.909408	0.011949
1	0.903266	0.012794
1	0.896944	0.013667
1	0.890446	0.014568
1	0.883774	0.015496
1	0.876932	0.016449
1	0.869922	0.017429
1	0.862748	0.018432
1	0.855412	0.019460
1	0.847919	0.020509
1	0.840270	0.021579
1	0.832471	0.022668
1	0.824524	0.023775
1	0.816432	0.024897
1	0.808200	0.026034
1	0.799831	0.027182
1	0.791328	0.028340
1	0.782696	0.029504
1	0.773938	0.030674
1	0.765059	0.031846
1	0.756062	0.033018
1	0.746951	0.034186
1	0.737730	0.035349
1	0.728403	0.036503
1	0.718975	0.037646
1	0.709450	0.038774
1	0.699831	0.039885
1	0.690124	0.040977
1	0.680332	0.042046
1	0.670460	0.043091
1	0.660512	0.044108
1	0.650493	0.045095
1	0.640406	0.046050
1	0.630258	0.046972
1	0.620051	0.047858
1	0.609792	0.048706
1	0.599483	0.049516
1	0.589130	0.050287
1	0.578738	0.051018
1	0.568310	0.051707
1	0.557853	0.052356
1	0.547369	0.052964
1	0.536864	0.053531
1	0.526343	0.054059
1	0.515811	0.054547
1	0.505271	0.054999
1	0.494729	0.055414
1	0.484189	0.055794
1	0.473657	0.056142
1	0.463136	0.056460
1	0.452631	0.056749
1	0.442147	0.057013
1	0.431690	0.057253
1	0.421262	0.057473
1	0.410870	0.057674
1	0.400517	0.057860
1	0.390208	0.058032
1	0.379949	0.058193
1	0.369742	0.058345
1	0.359594	0.058489
1	0.349507	0.058628
1	0.339488	0.058762
1	0.329540	0.058893
1	0.319668	0.059021
1	0.309876	0.059146
1	0.300169	0.059268
1	0.290550	0.059387
1	0.281025	0.059501
1	0.271597	0.059610
1	0.262270	0.059710
1	0.253049	0.059801
1	0.243938	0.059879
1	0.234941	0.059941
1	0.226062	0.059983
1	0.217304	0.060004
1	0.208672	0.059997
1	0.200169	0.059960
1	0.191800	0.059887
1	0.183568	0.059776
1	0.175476	0.059620
1	0.167529	0.059417
1	0.159730	0.059161
1	0.152081	0.058850
1	0.144588	0.058478
1	0.137252	0.058042
1	0.130078	0.057539
1	0.123068	0.056965
1	0.116226	0.056319
1	0.109554	0.055598
1	0.103056	0.054800
1	0.096734	0.053924
1	0.090592	0.052969
1	0.084632	0.051935
1	0.078856	0.050822
1	0.073267	0.049631
1	0.067868	0.048362
1	0.062662	0.047018
1	0.057649	0.045601
1	0.052834	0.044111
1	0.048217	0.042553
1	0.043801	0.040930
1	0.039588	0.039244
1	0.035579	0.037498
1	0.031777	0.035697
1	0.028183	0.033844
1	0.024799	0.031943
1	0.021626	0.029997
1	0.018665	0.028011
1	0.015919	0.025987
1	0.013388	0.023931
1	0.011073	0.021844
1	0.008975	0.019730
1	0.007096	0.017594
1	0.005436	0.015437
1	0.003996	0.013262
1	0.002776	0.011073
1	0.001777	0.008873
1	0.001000	0.006662
1	0.000444	0.004445
1	0.000111	0.002224
1	0.000000	0.000000
1	0.000111	-0.002224
1	0.000444	-0.004445
1	0.001000	-0.006662
1	0.001777	-0.008873
1	0.002776	-0.011073
1	0.003996	-0.013262
1	0.005436	-0.015437
1	0.007096	-0.017594
1	0.008975	-0.019730
1	0.011073	-0.021844
1	0.013388	-0.023931
1	0.015919	-0.025987
1	0.018665	-0.028011
1	0.021626	-0.029997
1	0.024799	-0.031943
1	0.028183	-0.033844
1	0.031777	-0.035697
1	0.035579	-0.037498
1	0.039588	-0.039244
1	0.043801	-0.040930
1	0.048217	-0.042553
1	0.052834	-0.044111
1	0.057649	-0.045601
1	0.062662	-0.047018
1	0.067868	-0.048362
1	0.073267	-0.049631
1	0.078856	-0.050822
1	0.084632	-0.051935
1	0.090592	-0.052969
1	0.096734	-0.053924
1	0.103056	-0.054800
1	0.109554	-0.055598
1	0.116226	-0.056319
1	0.123068	-0.056965
1	0.130078	-0.057539
1	0.137252	-0.058042
1	0.144588	-0.058478
1	0.152081	-0.058850
1	0.159730	-0.059161
1	0.167529	-0.059417
1	0.175476	-0.059620
1	0.183568	-0.059776
1	0.191800	-0.059887
1	0.200169	-0.059960
1	0.208672	-0.059997
1	0.217304	-0.060004
1	0.226062	-0.059983
1	0.234941	-0.059941
1	0.243938	-0.059879
1	0.253049	-0.059801
1	0.262270	-0.059710
1	0.271597	-0.059610
1	0.281025	-0.059501
1	0.290550	-0.059387
1	0.300169	-0.059268
1	0.309876	-0.059146
1	0.319668	-0.059021
1	0.329540	-0.058893
1	0.339488	-0.058762
1	0.349507	-0.058628
1	0.359594	-0.058489
1	0.369742	-0.058345
1	0.379949	-0.058193
1	0.390208	-0.058032
1	0.400517	-0.057860
1	0.410870	-0.057674
1	0.421262	-0.057473
1	0.431690	-0.057253
1	0.442147	-0.057013
1	0.452631	-0.056749
1	0.463136	-0.056460
1	0.473657	-0.056142
1	0.484189	-0.055794
1	0.494729	-0.055414
1	0.505271	-0.054999
1	0.515811	-0.054547
1	0.526343	-0.054059
1	0.536864	-0.053531
1	0.547369	-0.052964
1	0.557853	-0.052356
1	0.568310	-0.051707
1	0.578738	-0.051018
1	0.589130	-0.050287
1	0.599483	-0.049516
1	0.609792	-0.048706
1	0.620051	-0.047858
1	0.630258	-0.046972
1	0.640406	-0.046050
1	0.650493	-0.045095
1	0.660512	-0.044108
1	0.670460	-0.043091
1	0.680332	-0.042046
1	0.690124	-0.040977
1	0.699831	-0.039885
1	0.709450	-0.038774
1	0.718975	-0.037646
1	0.728403	-0.036503
1	0.737730	-0.035349
1	0.746951	-0.034186
1	0.756062	-0.033018
1	0.765059	-0.031846
1	0.773938	-0.030674
1	0.782696	-0.029504
1	0.791328	-0.028340
1	0.799831	-0.027182
1	0.808200	-0.026034
1	0.816432	-0.024897
1	0.824524	-0.023775
1	0.832471	-0.022668
1	0.840270	-0.021579
1	0.847919	-0.020509
1	0.855412	-0.019460
1	0.862748	-0.018432
1	0.869922	-0.017429
1	0.876932	-0.016449
1	0.883774	-0.015496
1	0.890446	-0.014568
1	0.896944	-0.013667
1	0.903266	-0.012794
1	0.909408	-0.011949
1	0.915368	-0.011133
1	0.921144	-0.010345
1	0.926733	-0.009586
1	0.932132	-0.008857
1	0.937338	-0.008157
1	0.942351	-0.007486
1	0.947166	-0.006844
1	0.951783	-0.006232
1	0.956199	-0.005649
1	0.960412	-0.005095
1	0.964421	-0.004570
1	0.968223	-0.004074
1	0.971817	-0.003607
1	0.975201	-0.003169
1	0.978374	-0.002760
1	0.981335	-0.002379
1	0.984081	-0.002026
1	0.986612	-0.001702
1	0.988927	-0.001407
1	0.991025	-0.001139
1	0.992904	-0.000900
1	0.994564	-0.000689
1	0.996004	-0.000506
1	0.997224	-0.000351
1	0.998223	-0.000225
1	0.999000	-0.000127
1	0.999556	-0.000056
1	0.999889	-0.000014
1	1.000000	0.000000
